4294967279,90
4294967279,89
4294967279,87
4294967279,86
4294967279,85
4294967279,84
4294967279,83
4294967279,82
4294967279,81
4294967279,80
4294967279,79
4294967279,78
4294967279,77
4294967279,76
4294967279,75
4294967279,74
4294967279,73
4294967279,72
4294967279,71
4294967279,70
4294967279,69
4294967279,68
4294967279,67
4294967279,66
4294967279,65
4294967279,64
4294967279,63
4294967279,62
4294967279,61
4294967279,60
4294967279,59
4294967279,58
4294967279,57
4294967279,56
4294967279,55
4294967279,54
4294967279,53
4294967279,52
4294967279,51
4294967279,50
4294967279,49
4294967279,48
4294967279,47
4294967279,46
4294967279,45
4294967279,44
4294967279,43
4294967279,42
4294967278,139
4294967278,138
4294967278,277
4294967294,61
4294967278,136
4294967294,50
4294967294,180
4294967294,179
4294967294,189
4294967294,191
4294967294,188
4294967294,451
4294967294,443
4294967294,419
4294967294,30
4294967294,163
4294967294,165
4294967294,113
4294967294,176
4294967294,12
4294967294,175
4294967294,173
4294967294,18
4294967294,127
4294967294,14
4294967294,126
4294967294,20
4294967294,13
4294967294,104
4294967294,106
4294967294,166
4294967294,24
4294967294,160
4294967294,168
4294967294,162
4294967278,134
4294967279,133
4294967278,133
4294967279,271
4294967278,276
4294967278,37
4294967278,36
4294967278,35
4294967278,34
4294967278,33
4294967278,32
4294967278,31
4294967278,30
4294967278,29
4294967278,28
4294967278,27
4294967278,26
4294967278,25
4294967278,24
4294967278,23
4294967278,22
4294967278,21
4294967278,20
4294967278,19
4294967278,18
4294967278,16
4294967278,13
4294967278,11
4294967278,10
4294967278,8
4294967278,7
4294967279,129
4294967279,125
4294967279,123
4294967279,121
4294967279,120
4294967279,119
4294967279,118
4294967279,117
4294967279,116
4294967279,115
4294967279,114
4294967279,113
4294967279,234
4294967279,112
4294967279,232
4294967279,111
4294967279,110
4294967279,109
4294967279,108
4294967279,107
4294967279,222
4294967279,106
4294967279,105
4294967279,218
4294967279,104
4294967279,216
4294967279,103
4294967279,102
4294967279,101
4294967279,100
4294967279,99
4294967279,98
4294967279,97
4294967279,96
4294967279,95
4294967279,94
4294967279,93
4294967279,92
4294967279,91
4294967279,22
4294967279,20
4294967279,19
4294967279,17
4294967279,13
4294967279,18
4294967279,266
4294967278,17
4294967279,16
4294967279,278
4294967278,6
4294967278,15
4294967278,283
4294967279,520
4294967278,14
4294967278,269
4294967278,271
4294967279,519
4294967278,268
4294967279,263
4294967278,12
4294967278,267
4294967278,282
4294967279,262
4294967279,518
4294967279,12
4294967278,281
4294967279,261
4294967279,275
4294967278,334
4294967278,9
4294967278,262
4294967279,258
21,6
4294967278,264
21,5
4294967279,257
21,4
21,3
21,2
21,1
4294967294,1419
4294967279,256
4294967278,333
4294967278,5
4294967279,281
4294967278,4
4294967278,259
4294967279,253
4294967278,332
4294967279,517
4294967279,132
4294967278,257
4294967294,38
4294967294,37
4294967294,36
4294967294,39
4294967279,516
4294967279,515
4294967279,131
4294967278,331
4294967278,330
4294967279,514
4294967279,130
4294967278,329
4294967278,328
4294967279,513
4294967279,128
4294967278,327
4294967278,326
4294967279,512
4294967279,127
4294967278,325
4294967278,324
4294967279,319
4294967279,126
4294967294,40
4294967278,254
4294967279,318
4294967279,124
4294967278,323
4294967279,250
4294967279,317
4294967279,122
4294967278,253
4294967279,249
4294967278,250
4294967279,248
4294967278,248
4294967279,247
18,4
4294967278,246
18,3
18,2
18,1
4294967278,245
4294967278,244
4294967294,1094
4294967278,242
4294967278,240
17,4
17,3
17,2
17,1
4294967279,316
4294967278,238
4294967294,436
4294967278,237
4294967278,236
4294967278,322
4294967279,315
4294967278,234
16,6
4294967278,228
4294967278,231
4294967278,229
16,5
4294967278,226
4294967278,224
16,4
16,3
16,2
16,1
4294967278,222
4294967278,220
4294967278,218
4294967278,219
4294967278,216
15,5
4294967279,314
4294967278,213
15,4
4294967278,212
15,3
15,2
15,1
4294967278,321
4294967278,211
4294967279,313
4294967294,120
4294967278,320
4294967279,312
4294967278,319
4294967279,311
4294967278,206
4294967278,205
4294967278,202
4294967278,204
14,5
